0 1038
1898 1014
1899 1024
1900 103
1901 1030
1902 1031
1903 1033
1904 1050
1905 1053
1906 1056
1907 106
1908 1065
1909 1070
1910 1074
1911 1088
1938 1353
2041 2405
2085 2804
2860 100
2861 1003
2862 1015
2863 1049
2864 1063
2865 1085
2866 1086
2867 110
2868 1105
2869 1118
2870 1128
2871 1133
2872 1145
2874 117
2875 1186
3811 1019
3812 1025
3813 1041
4758 1009
4759 1012
4760 1017
4761 102
4762 1028
4763 1029
4764 1032
4766 1035
4767 1058
4768 1062
4769 1069
4770 107
4771 1071
4772 1079
4773 1080
4774 1081
4775 1087
4776 1089
4777 1092
4778 1094
4779 112
4780 1125
4781 1135
4782 1140
4783 1143
4784 1147
4785 1154
5709 1037
5710 1040
5711 1057
5712 1073
5713 109
5714 1096
5715 1100
5716 1107
5717 1119
5718 1130
5719 1149
6666 1023
6667 1026
6668 1027
6669 1036
6670 1052
6671 1067
6676 1090
8553 1008
8554 1060
8555 1064
8556 1066
8557 1068
8558 1082
8559 11
8560 1104
8561 1106
8563 1136
8564 1155
8565 1171
8605 1492
8606 151
