5 1083
10 1126
30 1297
955 1020
960 105
975 1185
985 1238
995 1335
1000 1371
1005 1405
1011 1435
1026 1549
1031 1604
1041 1716
1051 1806
1056 1880
1061 1925
1066 1970
1101 2346
1957 1552
1962 1603
2096 2878
2128 3190
2898 1380
2943 1674
2958 1801
2989 2182
3024 2510
3070 2844
3080 2961
3085 2992
3990 2575
4763 1029
4773 1080
4778 1094
4792 1225
4803 1381
4843 1688
4848 1766
4863 1958
4873 2013
4899 2304
4908 2389
4929 2556
4934 2599
4965 2894
4970 296
5026 3530
5713 109
5723 1170
5770 1615
5804 1961
5809 20
5868 2626
6675 1078
6711 1514
6715 1568
6720 1617
6751 1875
6783 2130
6807 2368
6812 2379
6848 2681
6853 2715
6874 2951
6884 298
6914 3261
7631 124
7647 132
7657 1422
7672 1512
7697 1772
7702 1809
7748 2159
7753 2198
7783 2456
7799 2579
7809 2687
7819 2790
7849 3079
8609 1582
8635 1808
8645 1881
8680 2184
8705 2402
8711 2460
8731 2571
8736 2693
8745 2765
8771 2954
8827 3450
8852 3684
8857 3727
8872 3812
8920 4276
